	1	2	3	4	5	6
A	-1.214	-1.214	-1.214	-1.214	-0.521	-1.214
C	0.999	-0.1	-0.1	0.999	0.594	-0.1
D	-0.821	-0.821	0.277	-0.821	0.565	0.97
E	-1.226	-0.128	0.16	-0.533	0.383	-1.226
F	0.132	-0.561	0.132	0.132	-0.561	-0.561
G	-0.456	0.93	-0.456	-0.456	-1.149	-1.149
H	0.869	-0.23	-0.23	-0.23	-0.23	-0.23
I	0.365	-0.733	-0.733	-0.733	-0.733	-0.733
K	0.087	0.087	-1.012	-0.319	-1.012	-1.012
L	-1.565	-1.565	-1.565	0.738	-1.565	-1.565
M	-0.023	-0.023	-0.023	-0.023	-0.023	-0.023
N	1.248	0.555	-0.544	0.149	-0.544	-0.544
P	-0.416	1.53	0.5	-1.109	0.277	1.835
Q	-0.828	-0.828	-0.828	-0.828	-0.135	0.271
R	0.103	-0.995	1.084	0.391	-0.995	-0.995
S	0.406	-0.693	0.56	-1.386	0.56	-1.386
T	0.848	-0.943	-0.25	-0.25	0.666	-0.943
V	-1.052	-0.359	-0.359	0.334	-1.052	-1.052
W	0.538	0.538	0.538	0.538	0.538	0.538
Y	-0.246	-0.246	0.853	1.546	1.546	1.14
