	1	2	3	4	5	6	7	8
A	-1.785	-1.092	-1.785	-0.399	-0.687	-1.092	-1.092	-0.687
C	-0.671	-0.671	-0.671	-0.671	-0.671	-0.671	0.428	-0.671
D	0.91	1.315	1.005	-0.7	0.687	-0.7	-0.294	-0.7
E	-0.412	1.247	0.282	0.399	0.841	-1.105	0.148	-0.006
F	-0.439	-1.132	-1.132	0.254	-0.439	-1.132	-1.132	-1.132
G	-0.111	-1.027	0.677	-0.622	0.582	-1.721	-1.027	0.071
H	-0.801	-0.801	-0.801	-0.801	-0.108	-0.801	-0.801	-0.801
I	-1.305	-0.612	-1.305	-0.612	-0.206	-0.612	-1.305	-1.305
K	0.026	-0.485	-0.485	0.362	-0.89	-0.485	-0.485	-1.584
L	-2.136	-1.038	-0.75	0.348	-2.136	-0.75	0.061	-0.057
M	-0.595	-0.595	0.098	-0.595	-0.595	1.197	-0.595	0.792
N	-0.017	0.271	-0.422	0.964	-0.017	1.592	0.494	-0.422
P	0.804	0.959	0.622	-1.68	1.153	0.111	-1.68	0.265
Q	0.68	-0.013	-0.301	-0.706	-0.013	-0.706	-1.4	-0.706
R	0.918	-0.874	0.379	-0.874	-0.874	0.043	-0.468	1.072
S	0.24	-1.957	0.24	0.441	-0.348	0.682	0.24	0.751
T	0.277	-0.129	0.095	-1.515	-0.416	-0.129	1.124	0.277
V	-1.623	-0.93	-0.525	0.323	-0.93	0.574	-0.014	-0.525
W	-0.033	-0.033	-0.033	-0.033	-0.033	-0.033	-0.033	-0.033
Y	-0.817	-0.817	-0.817	0.974	-0.817	0.569	1.748	-0.817
