	1	2	3	4	5	6	7	8
A	0.961	-0.051	-0.051	-0.744	-1.437	-0.744	-0.744	-1.437
C	-0.323	-0.323	-0.323	-0.323	-0.323	-0.323	-0.323	0.37
D	-1.045	1.52	0.054	-0.351	0.054	-0.351	-0.351	0.054
E	-0.351	0.853	0.342	-0.351	-0.063	-0.756	-0.063	0.16
F	-0.784	-0.784	-0.784	-0.784	-0.784	-0.784	0.826	-0.784
G	0.42	0.014	-0.274	-0.274	-0.274	-0.679	1.113	-1.372
H	-0.453	-0.453	0.645	-0.453	-0.453	0.24	-0.453	-0.453
I	-0.957	-0.957	-0.957	0.142	-0.957	-0.263	0.142	-0.957
K	-1.235	-0.542	-0.137	-1.235	-0.542	-1.235	-0.542	-0.542
L	-1.095	-0.402	-1.788	-0.69	-1.788	-0.402	-0.402	-1.788
M	-0.246	-0.246	1.14	-0.246	-0.246	0.447	0.852	-0.246
N	-0.767	-0.767	-0.074	-0.767	-0.074	-0.074	0.842	-0.767
P	1.376	-0.639	-0.234	-1.332	0.277	0.747	-1.332	-0.639
Q	-1.051	-1.051	-1.051	-1.051	-0.358	-1.051	-1.051	0.047
R	-1.218	-1.218	-1.218	0.391	-0.525	0.168	-1.218	-1.218
S	0.471	0.001	0.956	1.224	1.224	1.03	-0.223	1.224
T	-0.473	0.22	-0.068	0.443	1.136	0.779	0.443	0.22
V	-1.275	-0.582	0.111	0.671	-1.275	-1.275	-0.582	-0.176
W	0.315	0.315	0.315	0.315	0.315	0.315	0.315	0.315
Y	-0.469	-0.469	0.224	-0.469	-0.469	-0.469	-0.469	1.728
