	1	2	3	4	5	6	7	8
A	-0.926	-0.926	-0.926	-0.926	-0.926	-1.619	-0.521	-0.01
C	-0.505	-0.505	0.188	-0.505	-0.505	-0.505	-0.505	-0.505
D	0.159	1.076	1.338	1.718	-0.128	0.159	-0.534	0.383
E	-0.022	0.314	-0.022	-0.022	-0.939	0.448	-0.246	-0.533
F	-0.966	-0.966	-0.966	0.42	-0.966	0.643	-0.273	-0.273
G	-0.168	0.055	-0.456	-0.861	-1.555	0.525	0.525	0.391
H	-0.635	0.058	-0.635	-0.635	-0.635	0.463	0.058	0.058
I	-1.139	-0.446	-1.139	-0.04	-0.446	-0.446	-1.139	-1.139
K	-0.724	-0.319	-0.319	-1.418	-0.319	-0.319	-1.418	-0.724
L	-0.872	-1.277	-1.97	-0.361	0.595	-1.97	0.227	-0.361
M	-0.429	-0.429	-0.429	0.264	-0.429	0.264	-0.429	-0.429
N	-0.256	0.149	-0.95	-0.95	0.996	-0.256	1.248	-0.95
P	1.258	-1.515	1.744	-0.416	-1.515	-0.821	0.277	1.258
Q	-0.135	-0.54	-0.135	-1.234	-0.135	-0.135	-0.54	0.376
R	-0.708	-0.302	-1.401	-0.015	0.545	0.545	-1.401	-1.401
S	0.155	0.774	-0.405	0.001	0.406	0.406	0.511	-0.405
T	0.261	0.848	-1.349	0.731	-0.656	0.443	-0.25	0.443
V	0.334	-0.764	-1.457	-0.764	-0.359	-0.764	0.152	-1.457
W	0.133	0.133	0.133	0.133	0.133	0.133	0.133	0.133
Y	0.958	0.042	-0.651	-0.651	1.546	0.042	-0.651	0.447
