	1	2	3	4	5
A	-0.744	-0.744	-0.744	-0.051	-0.051
C	0.37	0.37	0.37	0.37	0.37
D	1.035	-0.351	0.342	1.035	-0.351
E	-0.756	0.342	1.19	-0.756	0.853
F	-0.091	1.008	-0.091	-0.091	-0.091
G	-0.679	-0.679	0.014	-0.679	1.113
H	0.933	0.933	0.24	0.24	0.24
I	-0.263	-0.263	-0.263	-0.263	-0.263
K	-0.542	0.151	-0.542	-0.542	-0.542
L	-1.095	-1.095	-0.402	-1.095	-1.095
M	0.447	0.447	0.447	0.447	0.447
N	1.535	-0.074	-0.074	1.535	-0.074
P	-0.639	-0.639	-0.639	0.46	-0.639
Q	-0.358	0.335	-0.358	-0.358	-0.358
R	-0.525	-0.525	-0.525	-0.525	-0.525
S	-0.223	0.471	-0.223	-0.916	-0.916
T	0.22	-0.473	-0.473	-0.473	-0.473
V	-0.582	-0.582	-0.582	-0.582	-0.582
W	1.008	1.008	1.008	1.008	1.008
Y	0.224	0.224	0.224	0.224	0.224
