	1	2	3	4	5	6	7	8
A	-0.233	-0.926	-0.638	-1.619	-0.926	-1.619	-0.521	-0.772
C	-0.91	-1.604	-1.604	-1.604	-1.604	-0.91	-1.604	-1.604
D	0.383	1.042	-0.246	2.093	-0.716	0.072	0.383	-0.246
E	0.103	0.214	1.428	-0.333	-0.428	0.853	0.103	-0.939
F	-1.372	-0.273	-0.455	-1.372	0.768	0.015	0.5	-0.966
G	-0.351	0.391	-0.456	-1.044	-0.088	0.055	0.119	-0.574
H	-1.734	0.345	-0.125	-1.041	-0.635	-1.734	0.058	-1.734
I	-0.446	-0.851	-1.544	-0.446	-0.158	-0.628	-0.04	-0.446
K	-0.724	-0.214	-0.907	-1.418	-1.13	-1.13	-1.13	-0.907
L	0.397	-0.361	-0.361	-1.277	-0.872	-0.671	-0.99	0.263
M	-0.141	-0.834	-1.527	-0.141	0.082	-0.834	-1.527	-0.429
N	-0.95	-0.256	0.35	1.248	1.043	0.35	0.948	-0.439
P	-0.416	1.237	0.159	-1.227	-0.667	-1.515	-2.613	1.216
Q	0.233	-0.946	-0.386	-1.234	-1.234	-1.234	-0.54	-0.03
R	0.391	-0.102	0.496	-0.302	-0.708	0.391	-0.102	-0.708
S	-0.325	0.106	0.288	0.329	0.666	0.544	0.848	0.055
T	0.731	-1.754	-0.25	-0.05	-0.145	0.644	0.261	0.325
V	0.083	-1.457	-1.17	-0.947	-1.863	-0.477	-1.457	0.083
W	0.644	-0.966	-0.966	-0.966	-0.966	-0.966	-0.966	-0.966
Y	0.553	-1.75	-1.75	-0.141	2.142	1.294	1.14	1.385
