	1	2	3	4	5	6	7	8
A	-0.051	-0.744	-1.437	-0.744	-0.744	-1.437	-0.744	-0.744
C	-0.323	-0.323	-0.323	-0.323	-0.323	-0.323	-0.323	-0.323
D	0.747	0.342	0.054	-1.045	1.353	0.054	0.901	0.565
E	0.748	0.748	1.035	-0.351	-1.45	-0.063	0.748	0.342
F	-0.091	-0.091	-0.784	0.602	-0.091	-0.091	-0.784	0.315
G	0.014	-0.679	-1.372	-1.372	0.42	0.42	-0.274	0.014
H	-0.453	-0.453	-0.453	0.24	-0.453	-0.453	0.24	-0.453
I	-0.957	-0.957	-0.957	-0.957	0.835	0.43	-0.957	-0.957
K	-0.542	-0.542	-1.235	-0.542	-1.235	0.844	-0.542	-0.542
L	-0.402	-0.69	-1.788	-0.179	-0.179	-1.095	-1.788	-1.788
M	0.447	-0.246	-0.246	1.699	0.447	-0.246	-0.246	-0.246
N	-0.767	0.331	0.331	-0.767	0.331	0.619	0.619	1.312
P	-0.639	-0.639	1.558	-1.332	-1.332	1.153	-0.234	-0.639
Q	0.335	0.047	-0.358	0.047	-1.051	-0.358	-0.358	0.047
R	0.168	0.168	-0.525	-0.12	0.861	-0.525	0.168	-1.218
S	0.001	0.789	0.001	0.001	-0.223	-0.51	0.694	0.588
T	-1.167	-0.068	-0.473	-0.473	-1.167	-1.167	-0.068	-1.167
V	-0.582	-0.176	-1.275	-0.582	-1.275	-1.275	-0.582	-1.275
W	0.315	0.315	0.315	0.315	0.315	0.315	0.315	0.315
Y	0.917	0.224	0.224	2.096	0.224	-0.469	-0.469	1.477
