	1	2	3	4	5	6
A	-0.601	0.652	-0.195	-1.294	-0.601	-0.601
C	0.919	-0.18	-0.18	-0.18	-0.18	-0.18
D	-0.902	1.296	-0.902	0.197	1.401	0.708
E	-0.208	-0.208	-0.208	0.08	0.773	-0.613
F	-0.641	-0.641	-0.641	0.052	-0.641	-0.641
G	-1.229	-1.229	0.38	1.073	-1.229	-0.536
H	1.076	-0.31	-0.31	-0.31	0.383	-0.31
I	-0.12	-0.12	-0.813	-0.12	0.796	-0.813
K	-0.399	-1.092	-1.092	-0.399	-1.092	-1.092
L	-0.259	-1.645	-1.645	-1.645	0.658	-0.952
M	-0.103	-0.103	-0.103	-0.103	-0.103	-0.103
N	0.474	0.069	0.985	-0.624	0.069	0.069
P	0.197	0.197	1.584	-1.189	-1.189	0.197
Q	-0.215	-0.215	-0.908	-0.215	-0.908	-0.215
R	0.534	-1.075	0.311	0.534	-1.075	-0.382
S	0.48	0.614	-0.367	-0.367	-1.466	0.144
T	0.075	0.363	-1.023	0.075	-1.023	1.616
V	-0.439	-1.132	-1.132	-1.132	-1.132	-0.439
W	0.458	0.458	0.458	0.458	0.458	0.458
Y	-0.326	-0.326	-0.326	1.62	-0.326	-0.326
