	1	2	3	4	5	6	7	8
A	-0.898	-0.492	-1.591	-0.898	-0.898	-0.492	0.018	-1.591
C	-0.477	-0.477	-0.477	-0.477	-0.477	-0.477	-0.477	-0.477
D	0.998	0.188	0.593	0.188	0.593	-1.199	-0.1	1.366
E	0.342	-1.604	0.594	0.188	0.881	-0.505	0.342	-0.505
F	-0.938	-0.938	-0.938	-0.938	-0.938	1.141	-0.938	-0.245
G	-0.833	0.083	-0.14	0.872	-0.833	-1.526	-1.526	-0.428
H	-0.607	-0.607	0.086	-0.607	-0.607	0.491	-0.607	-0.607
I	-1.111	-0.418	-0.418	-1.111	-1.111	-0.012	0.681	-1.111
K	-0.696	0.69	-1.389	-1.389	-1.389	-0.291	-1.389	-0.003
L	-1.942	-1.942	0.137	-1.942	-0.844	0.543	-0.844	-0.844
M	-0.401	-0.401	0.293	-0.401	-0.401	-0.401	-0.401	-0.401
N	1.025	0.177	-0.921	-0.228	0.688	-0.921	0.177	-0.921
P	0.912	1.079	-1.486	-0.1	-0.793	0.123	-0.388	1.079
Q	-0.512	-1.205	-0.107	-0.107	-0.107	-0.512	-0.512	-1.205
R	-0.274	0.014	1.025	1.672	-0.679	-0.274	-0.679	-0.274
S	0.316	0.722	0.434	-0.664	1.01	0.876	0.802	0.54
T	0.625	0.289	-0.222	0.066	0.289	-0.628	0.066	0.289
V	-1.429	-1.429	-0.736	-1.429	-1.429	-1.429	0.969	-0.736
W	0.161	0.854	0.161	0.161	0.161	0.161	0.161	0.161
Y	0.07	-0.623	0.07	-0.623	0.763	0.07	-0.623	-0.623
