	1	2	3	4	5	6	7	8
A	-0.467	-0.467	-0.755	0.093	-1.16	-0.467	-0.062	-1.16
C	-0.739	-0.739	-0.739	-0.739	-0.739	-0.739	-0.739	-0.739
D	0.937	0.485	1.535	-0.768	1.024	0.937	0.148	-1.461
E	-0.767	0.437	0.213	0.331	-1.866	0.213	-0.48	-0.48
F	-1.2	-1.2	-1.2	0.186	-0.507	-1.2	-1.2	0.409
G	-1.096	-1.096	-0.69	-0.69	0.984	0.408	0.609	-1.789
H	-0.87	-0.87	-0.87	-0.87	-0.87	-0.177	-0.87	-0.87
I	-0.274	-1.373	-0.68	0.236	0.419	-0.68	-0.274	0.013
K	-0.042	-0.265	-0.042	-0.959	-0.959	-1.652	-1.652	-0.959
L	-0.413	-0.259	-1.511	-0.259	-0.413	-0.413	-1.511	-1.106
M	0.03	0.436	-0.663	0.723	-0.663	0.03	0.436	-0.663
N	0.203	0.608	-1.184	-0.491	0.608	-1.184	0.426	-1.184
P	-0.65	1.024	-1.056	-1.749	-1.056	-1.749	0.197	1.584
Q	-0.369	0.324	-1.468	-0.081	-1.468	-0.775	-0.775	-0.369
R	1.361	-0.536	1.361	0.562	0.311	0.444	-0.942	-0.026
S	0.172	0.054	0.277	0.97	-0.234	0.54	1.233	0.97
T	0.209	0.363	-0.484	-0.484	0.026	0.815	0.026	-1.583
V	-0.998	-0.998	-1.692	-0.305	0.1	-0.082	-0.593	-0.593
W	-0.101	-0.101	-0.101	0.592	-0.101	-0.101	0.592	-0.101
Y	0.501	-0.886	0.724	-0.886	1.06	-0.192	-0.886	0.501
