	1	2	3	4	5	6
A	-0.869	-0.869	-0.869	-0.869	-0.869	-0.869
C	0.938	0.245	0.938	0.938	0.245	0.245
D	-0.477	-0.477	-0.477	0.217	-0.477	-0.477
E	0.217	-0.188	-0.882	-0.882	-0.882	-0.882
F	-0.216	-0.216	-0.216	-0.216	1.73	-0.216
G	-0.804	-0.804	-0.804	-0.804	-0.111	-0.804
H	0.115	0.115	0.115	0.115	0.115	0.115
I	-0.389	-0.389	0.305	-0.389	-0.389	0.305
K	0.026	-0.667	-0.667	-0.667	-0.667	-0.667
L	0.166	-1.22	-0.122	-1.22	-1.22	0.572
M	0.322	0.322	0.322	0.322	0.322	0.322
N	-0.199	0.494	-0.199	-0.199	-0.199	-0.199
P	0.334	1.433	0.845	1.433	1.182	-0.071
Q	-0.483	0.615	-0.483	-0.483	-0.483	0.21
R	0.959	0.043	-0.651	0.736	-0.651	-0.651
S	-1.041	-1.041	-1.041	-1.041	-1.041	-1.041
T	-0.599	0.095	0.788	-0.599	-0.599	0.095
V	-0.014	-0.707	0.679	-0.707	-0.707	-0.014
W	0.883	0.883	0.883	0.883	0.883	0.883
Y	0.099	0.099	0.099	0.792	0.792	1.708
