	1	2	3	4	5	6	7
A	0.26	-0.434	-1.127	-0.434	-1.127	-1.127	-1.127
C	-0.012	-0.012	-0.012	-0.012	-0.012	-0.012	-0.012
D	-0.734	-0.734	-0.734	0.875	0.364	-0.734	-0.041
E	-0.446	-0.041	-1.139	0.807	0.47	-0.041	-0.446
F	-0.474	0.219	-0.474	-0.474	-0.474	1.136	-0.474
G	0.547	-1.062	-0.369	-1.062	-0.369	0.037	0.037
H	-0.143	0.956	-0.143	-0.143	-0.143	-0.143	-0.143
I	-0.646	0.452	-0.646	-0.646	0.047	-0.646	-0.646
K	-0.925	0.684	-0.925	-0.232	-0.925	0.174	-0.232
L	-0.785	-0.379	-1.478	-0.785	-0.092	-1.478	-1.478
M	0.757	0.064	0.064	0.064	0.064	0.064	0.064
N	-0.457	0.236	-0.457	-0.457	0.929	-0.457	0.236
P	0.77	0.077	2.069	0.77	-0.329	-1.022	0.587
Q	-0.048	-0.741	-0.741	-0.048	-0.048	0.645	0.358
R	1.038	-0.215	-0.908	-0.908	-0.215	0.19	0.19
S	-0.606	-0.606	-1.299	-0.606	0.493	0.493	0.647
T	-0.856	0.53	-0.163	0.753	-0.163	0.753	0.53
V	-0.272	0.134	-0.965	-0.965	-0.965	-0.965	-0.965
W	0.625	0.625	0.625	0.625	0.625	0.625	0.625
Y	-0.159	-0.159	0.534	-0.159	0.534	-0.159	0.534
