	1	2	3	4	5	6	7
A	-0.744	-0.051	-0.744	-0.744	-0.051	0.355	-0.744
C	0.37	0.37	0.37	0.37	0.37	0.37	0.37
D	0.747	1.44	-0.351	-0.351	0.342	0.342	-0.351
E	0.853	-0.063	-0.756	-0.756	0.63	-0.756	-0.756
F	-0.091	-0.091	-0.091	-0.091	-0.091	0.602	1.008
G	-0.679	-0.679	-0.679	0.42	0.014	0.42	0.93
H	0.24	0.24	0.24	0.24	0.24	0.24	0.24
I	-0.263	-0.263	-0.263	-0.263	-0.263	-0.263	0.43
K	-0.542	-0.542	-0.542	0.151	0.151	-0.542	-0.542
L	-1.095	-1.095	0.004	-1.095	-1.095	0.004	0.004
M	0.447	0.447	0.447	0.447	0.447	0.447	0.447
N	-0.074	-0.074	-0.074	-0.074	-0.074	-0.074	-0.074
P	0.46	0.46	0.747	-0.639	-0.639	-0.639	-0.639
Q	-0.358	-0.358	0.335	-0.358	-0.358	-0.358	-0.358
R	0.168	-0.525	0.168	1.266	-0.525	-0.525	-0.525
S	-0.916	-0.916	-0.223	-0.223	0.183	0.183	-0.916
T	-0.473	-0.473	-0.473	0.22	0.22	-0.473	-0.473
V	-0.582	0.111	0.111	-0.582	-0.582	-0.582	0.111
W	1.008	1.008	1.008	1.008	1.008	1.008	1.008
Y	0.917	0.224	0.917	0.224	0.224	0.224	0.224
