	1	2	3	4	5	6	7
A	-0.5	-1.193	-1.193	-1.193	-0.5	-1.193	-1.193
C	-0.078	-0.078	-0.078	-0.078	0.615	-0.078	-0.078
D	-0.8	-0.8	0.298	-0.8	0.298	-0.8	0.809
E	0.741	0.181	0.181	-0.512	0.874	0.404	0.181
F	-0.54	0.559	-0.54	-0.54	-0.54	-0.54	-0.54
G	-1.128	-0.435	-1.128	-1.128	-1.128	-1.128	-1.128
H	-0.209	-0.209	0.484	-0.209	-0.209	-0.209	-0.209
I	0.897	-0.712	-0.019	-0.712	-0.712	-0.019	-0.019
K	0.108	-0.991	0.108	-0.298	-0.991	-0.298	0.395
L	-0.851	-0.158	-0.445	-1.544	1.021	-0.851	-0.851
M	-0.002	0.691	-0.002	-0.002	-0.002	0.691	-0.002
N	-0.523	-0.523	-0.523	1.086	-0.523	1.423	0.17
P	1.31	0.298	0.991	1.685	-1.088	-0.395	0.704
Q	-0.114	-0.807	-0.807	-0.807	-0.807	-0.114	0.292
R	-0.281	0.124	0.124	0.412	-0.281	-0.281	0.972
S	-1.365	-0.672	0.581	0.022	-0.672	0.581	-0.672
T	-0.229	0.869	-0.229	-0.922	0.176	0.464	-0.922
V	-1.031	0.579	-1.031	-1.031	-1.031	-0.338	-1.031
W	0.56	0.56	0.56	0.56	0.56	0.56	0.56
Y	-0.225	0.874	-0.225	-0.225	-0.225	-0.225	-0.225
