	1	2	3	4	5	6	7	8
A	0.093	-0.888	-1.294	-0.601	-1.987	-1.987	-1.294	-0.888
C	-0.873	-0.873	-0.873	-0.873	-0.873	-0.873	-0.873	-0.873
D	0.351	0.485	1.113	0.603	0.197	1.35	-0.902	-0.902
E	1.045	1.527	0.64	1.368	-0.613	0.08	0.08	0.198
F	-0.641	-1.334	-1.334	-0.641	-0.235	-1.334	0.612	-0.235
G	-1.229	-0.131	-0.536	-0.131	1.213	-0.536	0.157	0.717
H	-0.31	-1.003	-0.31	-1.003	0.789	-1.003	0.383	-0.31
I	-1.507	-0.813	-1.507	-0.813	-0.813	0.285	-1.507	0.573
K	-0.176	-0.399	-1.092	-0.687	-1.785	-1.092	-1.785	-0.399
L	-0.259	-0.729	-1.24	-0.952	-1.24	-1.24	-0.952	-1.645
M	-0.796	-0.103	-0.796	-0.796	-0.796	-0.796	-0.103	-0.796
N	-0.219	-0.624	0.629	-0.624	1.322	0.762	0.292	-0.219
P	-0.273	0.197	1.337	-1.189	0.516	0.826	0.315	-1.189
Q	-0.503	-0.215	-0.908	-0.503	-1.601	-1.601	-1.601	-0.908
R	0.629	-1.769	0.023	0.177	-1.769	0.534	0.023	0.429
S	0.326	-0.213	-0.55	0.837	-0.773	-0.367	-0.773	0.731
T	0.229	-0.107	0.075	-0.618	-0.107	0.681	-0.33	0.586
V	-0.727	0.121	-0.727	-0.727	-0.216	-0.727	-0.439	0.372
W	-0.235	-0.235	-0.235	-0.235	-0.235	-0.235	-0.235	-0.235
Y	-1.019	-0.326	0.079	-1.019	1.379	-0.326	2.382	-1.019
