	1	2	3	4	5	6	7	8
A	0.14	-1.47	-1.47	-0.371	-1.47	-1.47	-1.47	-1.47
C	-0.355	-0.355	1.031	-0.355	-0.355	-0.355	-0.355	0.743
D	1.225	1.918	0.309	-1.077	0.021	0.869	-1.077	-0.384
E	-0.096	0.309	0.127	0.127	-0.789	0.597	-0.789	-0.789
F	-0.817	-0.817	-0.124	-0.817	0.793	-0.817	-0.817	-0.817
G	-0.712	-0.712	-1.405	-1.405	-0.019	0.387	0.993	-0.712
H	-0.486	0.207	-0.486	0.207	0.207	-0.486	-0.486	-0.486
I	-0.989	-0.989	0.109	-0.989	-0.296	-0.296	-0.989	0.397
K	-0.575	0.118	0.341	0.118	-0.169	-0.169	-0.575	-1.268
L	-1.128	-0.435	0.482	-1.821	-0.211	-1.821	-1.128	-0.029
M	-0.279	-0.279	-0.279	-0.279	-0.279	-0.279	-0.279	1.33
N	-0.8	-0.8	-0.107	0.809	0.809	0.299	2.291	0.992
P	0.021	-1.365	-1.365	-0.266	0.244	0.714	-1.365	0.021
Q	-0.391	-0.391	-0.391	0.708	-1.084	-0.391	-0.391	-0.391
R	-0.153	-0.153	-1.251	1.147	-0.558	-0.558	-1.251	-0.153
S	0.556	0.15	0.556	0.661	0.756	-0.543	-0.032	0.756
T	-0.101	-0.506	-0.101	-0.101	0.41	0.88	-0.101	-1.199
V	0.078	-0.615	-1.308	-1.308	-0.615	-0.615	-1.308	0.078
W	1.381	0.283	0.283	0.283	0.283	0.283	0.976	0.283
Y	0.597	-0.502	1.108	-0.502	-0.502	-0.502	-0.502	0.191
