	1	2	3	4	5	6	7
A	-0.793	-1.486	-1.486	-0.387	-0.387	-0.387	0.46
C	-0.371	-0.371	-0.371	-0.371	1.238	-0.371	-0.371
D	0.293	0.698	1.472	-1.093	-1.093	0.005	-0.4
E	0.699	0.9	-0.112	-0.112	-1.498	0.111	-1.498
F	-0.833	-0.14	-0.833	-0.833	0.554	-0.14	0.266
G	1.218	-0.322	0.188	-0.728	1.352	-1.421	0.188
H	-0.502	-0.502	-0.502	-0.502	-0.502	0.191	0.191
I	-1.005	-1.005	-1.005	-1.005	0.604	-0.312	-0.312
K	-0.185	-0.185	-1.284	-1.284	-0.591	-0.185	-1.284
L	-1.144	-1.837	-1.837	-1.144	-1.144	-0.451	-0.227
M	-0.295	0.398	-0.295	-0.295	-0.295	-0.295	-0.295
N	-0.123	1.263	1.13	0.57	-0.816	1.381	0.976
P	-0.688	0.228	0.228	-1.381	-1.381	-1.381	-1.381
Q	-1.1	-0.407	-1.1	-0.001	-1.1	-0.407	0.692
R	0.119	-1.267	-0.574	1.952	-0.574	-0.574	-1.267
S	-0.271	0.288	-0.048	0.134	-0.559	-0.965	-0.048
T	0.731	-0.522	-0.522	-1.215	0.576	0.864	-0.522
V	-1.324	-1.324	-1.324	-1.324	-0.631	0.286	-0.631
W	0.96	1.653	0.96	0.267	0.267	0.267	0.267
Y	-0.518	-0.518	1.562	0.581	1.092	1.274	1.679
