	1	2	3	4	5	6	7	8
A	-1.917	-1.224	-0.531	-0.531	-0.125	-0.819	-1.917	-0.125
C	-0.803	0.296	-0.803	-0.11	-0.803	-0.803	-0.803	-0.11
D	0.421	1.611	0.672	0.554	0.96	-0.832	0.267	-0.832
E	1.115	-0.138	0.903	0.903	-0.32	0.15	0.373	-1.93
F	0.345	-0.166	-1.264	0.528	-0.571	-1.264	-0.166	-0.166
G	-1.853	0.45	-0.243	0.093	0.345	-0.754	-1.159	-1.853
H	0.165	-0.24	-0.24	-0.934	-0.934	-0.934	-0.934	0.165
I	-1.437	-1.437	-0.744	-0.744	-0.338	-0.338	0.172	-0.051
K	-0.106	-0.106	0.076	-0.617	-0.617	-1.716	-1.716	-0.106
L	-0.477	-0.882	-0.659	-1.575	-0.882	-0.323	0.129	-1.575
M	-0.727	-0.034	-0.727	-0.727	0.659	-0.727	-0.727	-0.034
N	0.139	1.15	-0.554	0.362	0.95	0.362	0.362	-0.149
P	0.133	-1.119	0.895	-0.714	0.267	-1.813	-0.426	1.825
Q	0.866	-1.532	-1.532	-0.145	-0.433	-0.433	0.548	-0.838
R	0.247	-0.089	-0.6	-0.6	0.604	-0.6	0.381	-0.313
S	-0.01	-0.143	0.213	0.744	-0.01	-0.48	-0.48	0.108
T	-0.954	-1.647	-0.037	-0.548	-0.037	0.55	0.55	-0.548
V	-1.062	0.036	-0.146	-0.146	-1.062	0.19	0.442	-0.657
W	-0.165	-0.165	-0.165	-0.165	-0.165	0.528	0.528	0.934
Y	0.149	-0.256	-0.256	0.149	-0.949	2.485	0.66	-0.949
