	1	2	3	4	5	6	7
A	-1.547	-0.854	-0.161	-0.854	-0.854	-0.854	-1.547
C	-0.433	-0.433	0.953	-0.433	-0.433	-0.433	-0.433
D	1.618	-1.155	1.243	1.148	-0.056	1.735	-0.462
E	0.637	0.743	0.232	0.637	0.05	0.386	0.386
F	-0.894	-0.894	-0.894	0.492	0.898	-0.894	-0.894
G	-1.483	-0.789	-1.483	-0.096	0.463	-1.483	0.463
H	-0.564	-0.564	0.13	-0.564	0.13	0.535	-0.564
I	-1.067	-1.067	-1.067	-1.067	-1.067	-1.067	-1.067
K	-0.652	0.041	-1.346	0.6	-0.247	-0.652	-0.652
L	0.404	-0.512	-0.512	-1.205	-0.8	-1.898	-1.205
M	-0.357	-0.357	-0.357	-0.357	-0.357	-0.357	-0.357
N	0.509	-0.184	-0.184	0.732	1.32	-0.184	2.013
P	-0.344	1.553	-0.344	-1.443	-1.443	-1.443	-1.443
Q	-0.063	-1.162	-1.162	-1.162	-0.063	0.225	0.225
R	-0.23	0.057	0.751	-1.329	-0.636	0.281	-1.329
S	-0.621	0.227	0.227	0.227	0.679	-0.333	-0.11
T	-1.277	-1.277	0.515	0.515	-0.584	-1.277	-0.584
V	0.001	-1.385	-0.692	-1.385	-0.692	-1.385	-0.287
W	0.205	0.205	0.205	0.205	0.205	0.205	0.898
Y	-0.579	0.114	-0.579	0.114	0.114	1.723	1.03
