	1	2	3	4	5
A	-0.744	-0.744	-0.744	-0.744	-0.744
C	0.37	0.37	0.37	1.064	0.37
D	-0.351	-0.351	-0.351	0.342	-0.351
E	-0.756	-0.756	1.035	-0.756	-0.756
F	-0.091	-0.091	-0.091	-0.091	-0.091
G	-0.679	-0.679	-0.679	0.014	0.014
H	0.24	0.24	0.24	0.24	0.24
I	1.123	-0.263	-0.263	-0.263	0.43
K	-0.542	0.151	-0.542	-0.542	-0.542
L	0.004	-1.095	-1.095	-1.095	0.004
M	0.447	0.447	0.447	0.447	0.447
N	-0.074	-0.074	-0.074	1.312	-0.074
P	0.97	1.44	0.97	-0.639	-0.639
Q	-0.358	-0.358	-0.358	-0.358	-0.358
R	-0.525	-0.525	-0.525	-0.525	-0.525
S	-0.916	0.183	-0.223	0.183	-0.223
T	-0.473	-0.473	-0.473	-0.473	0.913
V	-0.582	-0.582	-0.582	0.517	-0.582
W	1.008	1.008	1.008	1.008	1.702
Y	0.917	0.224	0.224	0.224	0.917
