	1	2	3	4	5	6
A	-1.104	-1.104	-1.104	-0.411	-0.411	-0.005
C	0.01	0.01	0.01	0.01	0.01	0.01
D	-0.711	1.853	0.898	-0.711	-0.711	-0.018
E	0.493	-1.116	-0.423	-1.116	1.081	0.27
F	-0.451	-0.451	-0.451	0.242	-0.451	-0.451
G	0.06	-1.039	-0.346	0.347	-0.346	0.06
H	-0.12	-0.12	-0.12	0.573	-0.12	-0.12
I	-0.623	0.763	0.07	-0.623	0.07	-0.623
K	0.197	-0.902	0.197	-0.902	-0.209	-0.902
L	-1.455	0.337	-0.762	-1.455	0.624	-0.356
M	0.087	0.087	0.087	0.087	0.78	1.185
N	-0.434	-0.434	-0.434	-0.434	-0.434	1.358
P	-0.306	-0.999	0.947	1.304	-0.999	-0.306
Q	-0.718	-0.718	-0.718	-0.718	-0.718	-0.025
R	1.513	-0.885	0.724	0.724	-0.192	0.213
S	-0.583	-1.276	-0.177	0.111	-1.276	-0.177
T	-0.833	-0.14	-0.14	-0.14	-0.14	-0.833
V	-0.942	0.157	-0.942	-0.942	-0.942	-0.942
W	0.648	0.648	0.648	0.648	0.648	0.648
Y	1.25	-0.136	-0.136	-0.136	0.557	-0.136
