	1	2	3	4	5	6	7
A	-0.051	-0.744	-0.051	-0.051	-0.051	-0.744	-0.744
C	1.064	0.37	0.37	0.37	0.37	0.37	0.37
D	-0.351	0.747	0.342	1.44	0.747	-0.351	0.342
E	-0.756	0.342	0.342	-0.756	0.63	-0.063	0.342
F	-0.091	-0.091	-0.091	-0.091	-0.091	-0.091	-0.091
G	-0.679	-0.679	0.42	0.014	-0.679	0.93	-0.679
H	0.24	0.24	0.24	0.24	0.933	0.24	0.24
I	-0.263	-0.263	0.43	-0.263	0.43	0.43	-0.263
K	-0.542	-0.542	0.151	-0.542	-0.542	-0.542	-0.542
L	-0.402	-1.095	-0.402	-1.095	-1.095	0.004	-1.095
M	0.447	0.447	0.447	0.447	0.447	0.447	0.447
N	-0.074	-0.074	-0.074	1.312	-0.074	-0.074	1.025
P	-0.639	1.153	-0.639	-0.639	-0.639	-0.639	0.054
Q	-0.358	-0.358	-0.358	-0.358	-0.358	-0.358	0.335
R	0.168	-0.525	-0.525	-0.525	-0.525	-0.525	-0.525
S	-0.916	-0.223	-0.223	-0.916	0.183	-0.223	-0.223
T	1.136	-0.473	-0.473	-0.473	-0.473	0.22	0.625
V	0.517	-0.582	-0.582	-0.582	-0.582	-0.582	-0.582
W	1.008	1.008	1.008	1.008	1.008	1.008	1.008
Y	0.224	0.224	0.224	0.224	0.224	0.224	0.224
