	1	2	3	4	5	6	7	8
A	-0.808	-0.115	-0.808	-0.808	-0.808	-0.808	-0.808	-0.808
C	0.306	0.306	0.306	0.306	0.306	0.306	0.306	0.306
D	-0.416	-0.416	-0.416	-0.416	-0.416	-0.416	-0.416	0.277
E	-0.128	-0.821	-0.821	-0.128	0.278	-0.821	-0.821	-0.821
F	-0.155	-0.155	-0.155	0.538	-0.155	0.943	-0.155	-0.155
G	-0.744	-0.744	-0.744	-0.05	-0.05	-0.744	-0.744	-0.744
H	0.869	0.869	0.175	0.175	0.175	0.175	0.175	0.175
I	-0.328	-0.328	-0.328	0.365	0.365	0.365	-0.328	-0.328
K	-0.607	-0.607	-0.607	-0.607	-0.607	-0.607	-0.607	-0.607
L	0.227	-1.16	-0.466	-0.061	-0.466	-0.061	-1.16	-1.16
M	0.382	0.382	0.382	0.382	0.382	0.382	0.382	0.382
N	0.96	0.555	1.248	-0.139	-0.139	0.96	-0.139	1.471
P	-0.704	0.906	-0.704	-0.704	1.088	-0.704	-0.704	1.088
Q	0.271	0.676	-0.423	0.271	-0.423	0.271	-0.423	-0.423
R	0.796	0.509	0.796	0.509	-0.59	-0.59	1.49	0.103
S	-0.98	-0.287	0.118	-0.287	-0.98	-0.287	-0.98	-0.287
T	0.155	-0.538	0.561	0.155	-0.538	0.561	-0.538	-0.538
V	-0.646	-0.646	-0.646	0.047	0.452	-0.646	1.145	-0.646
W	0.944	0.944	0.944	0.944	0.944	0.944	0.944	0.944
Y	0.16	0.16	0.853	0.16	0.16	0.853	0.16	0.16
