	1	2	3	4	5	6	7	8
A	-0.926	0.173	0.46	-0.926	0.173	-0.233	-0.926	0.173
C	0.188	0.188	0.188	0.188	0.881	0.188	0.188	0.188
D	0.565	0.565	0.159	0.159	-0.534	-0.534	0.159	-0.534
E	-0.246	-0.246	-0.246	0.16	-0.939	0.16	0.16	0.448
F	-0.273	0.42	-0.273	0.42	0.42	-0.273	0.42	-0.273
G	0.525	-0.861	0.237	-0.861	-0.861	-0.861	-0.861	-0.861
H	0.058	0.058	0.058	0.058	0.058	0.058	0.058	0.058
I	-0.446	-0.446	-0.446	0.247	-0.446	0.247	-0.446	-0.446
K	-0.724	-0.031	0.374	-0.724	0.374	-0.724	-0.724	-0.031
L	-1.277	-1.277	-0.179	-0.179	-1.277	0.109	0.92	-1.277
M	0.264	0.264	0.264	0.264	0.264	0.264	0.264	0.264
N	-0.256	-0.256	0.842	0.437	-0.256	-0.256	-0.256	-0.256
P	1.577	1.125	-0.821	-0.821	0.277	0.277	-0.821	-0.128
Q	-0.54	0.153	-0.54	-0.54	-0.54	-0.54	-0.54	0.153
R	-0.708	-0.708	0.391	1.084	1.084	1.238	-0.015	-0.708
S	-1.098	0.001	-1.098	-0.405	-1.098	-1.098	-1.098	0.001
T	-0.656	-0.656	-0.656	-0.656	-0.656	-0.656	0.037	0.731
V	-0.764	-0.764	-0.071	-0.764	0.334	-0.764	0.334	0.334
W	0.826	0.826	0.826	1.925	0.826	0.826	0.826	0.826
Y	0.042	0.042	0.042	0.042	0.735	0.735	0.042	0.735
