	1	2	3	4	5	6	7
A	-0.96	-1.248	-1.248	-1.653	-1.653	-0.737	-2.346
C	-0.134	-0.539	-1.232	-1.232	-1.232	-1.232	0.847
D	0.754	-1.261	1.304	1.137	0.99	-0.345	0.243
E	-0.413	0.474	0.28	-0.162	1.042	-1.666	-0.973
F	0.946	-0.307	-1.693	-0.307	1.14	-1.0	1.14
G	-0.672	-1.589	0.203	-1.183	0.491	-1.183	0.663
H	0.247	-0.67	0.429	-0.67	-1.363	-1.363	-1.363
I	0.213	-0.768	-0.257	-1.866	-0.48	-0.074	-1.173
K	-0.199	-2.145	-0.065	-1.452	-2.145	-1.452	-0.535
L	-0.618	0.193	0.135	-2.005	-1.311	-2.698	-0.059
M	-1.156	-0.463	-1.156	-1.156	-0.057	-1.156	-1.156
N	-0.291	-0.067	-0.067	0.403	0.888	2.012	-0.291
P	0.803	-0.855	0.156	1.784	0.156	0.323	-0.855
Q	-1.961	-0.351	-1.961	-0.862	0.119	-1.961	-0.862
R	-0.519	0.762	-0.049	0.644	-1.029	-2.128	-0.182
S	0.7	0.777	0.573	-0.909	-0.216	1.243	0.315
T	-0.467	1.059	-0.69	-0.467	-0.977	-0.467	0.409
V	-1.492	0.013	-1.492	-0.575	-2.185	-1.086	-0.393
W	-0.594	-0.594	-0.594	-0.594	-0.594	-0.594	-0.594
Y	0.701	-1.379	-1.379	-1.379	-1.379	1.186	1.26
