	1	2	3	4	5	6
A	0.26	-0.839	-0.839	-0.839	-0.146	-0.839
C	0.275	0.275	0.275	0.275	0.275	0.275
D	-0.447	-0.447	0.652	0.246	-0.447	0.246
E	0.247	1.094	-0.852	0.247	-0.852	-0.852
F	-0.186	-0.186	-0.186	-0.186	-0.186	-0.186
G	-0.774	-0.774	-0.774	-0.774	-0.774	-0.081
H	0.145	0.145	0.145	0.145	0.838	0.145
I	-0.359	-0.359	-0.359	-0.359	0.334	0.334
K	-0.637	-0.637	-0.637	-0.637	-0.637	-0.637
L	0.601	-1.19	-1.19	-1.19	-1.19	-1.19
M	0.351	0.351	0.351	0.351	0.351	0.351
N	-0.169	-0.169	0.929	-0.169	-0.169	-0.169
P	-0.041	1.057	0.652	0.652	-0.734	1.057
Q	-0.453	0.24	-0.453	-0.453	-0.453	-0.453
R	-0.621	-0.621	-0.621	0.072	0.072	-0.621
S	-0.318	-0.318	0.598	0.598	0.935	-1.011
T	-0.569	-0.569	0.53	0.53	-0.569	1.223
V	0.421	-0.677	-0.677	-0.677	-0.677	-0.677
W	0.913	0.913	0.913	0.913	0.913	0.913
Y	0.129	0.129	0.129	0.129	1.515	0.129
