	1	2	3	4	5	6	7	8
A	-0.028	-1.127	-1.127	-1.127	-1.127	-0.434	-1.127	-1.127
C	-0.012	-0.012	-0.012	0.681	-0.012	-0.012	-0.012	-0.012
D	0.364	-0.734	0.364	0.364	-0.734	-0.734	1.211	1.211
E	0.247	-0.041	1.163	-0.446	-1.139	-1.139	-1.139	0.247
F	-0.474	-0.474	0.219	0.625	-0.474	-0.474	-0.474	-0.474
G	-0.369	-1.062	-1.062	-1.062	-1.062	0.037	-1.062	0.73
H	-0.143	-0.143	-0.143	-0.143	-0.143	-0.143	-0.143	0.956
I	0.047	-0.646	-0.646	-0.646	0.74	0.74	-0.646	-0.646
K	-0.232	-0.232	-0.925	-0.232	-0.925	-0.925	-0.232	-0.925
L	-1.478	-1.478	-0.379	-1.478	-0.379	-0.785	-1.478	-0.379
M	0.064	0.064	0.757	0.064	0.064	0.064	0.064	0.064
N	0.236	0.929	0.236	-0.457	0.236	-0.457	0.236	0.236
P	0.587	1.175	-0.329	1.175	1.057	1.376	1.057	-0.329
Q	-0.741	-0.048	-0.741	-0.741	-0.048	-0.741	-0.048	-0.741
R	-0.215	0.883	-0.215	0.701	-0.908	-0.908	-0.215	-0.908
S	-1.299	-1.299	-0.2	-0.606	-0.606	-0.2	0.311	-1.299
T	0.242	-0.163	-0.163	-0.163	-0.856	-0.856	0.53	0.242
V	0.134	0.421	0.421	-0.965	-0.272	0.827	-0.965	-0.965
W	1.319	0.625	0.625	0.625	1.724	0.625	0.625	0.625
Y	1.227	-0.159	-0.159	1.227	1.787	-0.159	-0.159	0.94
