	1	2	3	4	5	6	7
A	-0.98	-0.98	-0.98	-0.98	-0.98	-0.98	-0.98
C	0.134	0.134	0.134	0.134	0.134	0.134	0.134
D	0.105	1.022	-0.588	0.105	0.511	0.798	1.358
E	-0.993	0.394	-0.993	-0.993	0.799	0.106	-0.3
F	-0.327	-0.327	0.771	-0.327	-0.327	-0.327	-0.327
G	1.164	0.183	0.471	-0.915	0.183	-0.915	-0.222
H	0.004	0.004	0.004	0.004	0.004	0.697	0.004
I	-0.5	-0.5	-0.5	-0.5	-0.5	-0.5	-0.5
K	-0.778	-0.778	0.32	0.32	-0.085	-0.085	0.32
L	-1.331	-0.638	-0.233	-1.331	-1.331	-1.331	-0.233
M	0.21	0.21	0.21	0.21	0.903	0.21	0.21
N	-0.31	0.788	-0.31	-0.31	-0.31	1.481	0.788
P	1.522	-0.182	-0.875	0.734	-0.875	-0.875	-0.875
Q	-0.594	-0.594	-0.594	-0.594	0.099	0.504	-0.594
R	-0.762	0.848	0.625	0.337	-0.762	-0.762	0.337
S	-1.152	-1.152	-1.152	-1.152	-1.152	-0.459	-0.459
T	-0.71	-0.017	-0.71	-0.017	-0.71	-0.71	-0.017
V	-0.818	-0.818	0.973	-0.818	0.28	0.568	-0.818
W	0.772	0.772	0.772	0.772	0.772	0.772	0.772
Y	-0.012	-0.012	0.681	2.185	1.597	-0.012	-0.012
