	1	2	3	4	5	6	7	8
A	-1.193	-0.5	0.194	-1.193	-0.094	-1.193	-1.193	-1.193
C	-0.078	1.02	-0.078	-0.078	-0.078	-0.078	-0.078	-0.078
D	1.279	-0.107	0.991	0.298	0.298	-0.8	-0.8	0.586
E	0.181	0.181	-1.205	0.741	0.992	-0.107	0.586	1.097
F	-0.54	-0.54	-0.54	-0.54	0.153	0.153	-0.54	-0.54
G	-1.128	-1.128	0.664	-0.029	-0.435	-1.128	0.481	-0.029
H	-0.209	-0.209	1.4	-0.209	-0.209	-0.209	-0.209	0.484
I	-0.712	-0.019	-0.712	-0.712	0.386	0.386	-0.712	-0.712
K	-0.991	-0.991	-0.991	-0.991	-0.991	-0.991	-0.991	-0.991
L	-1.544	-0.158	-0.851	-1.544	0.066	-0.851	-1.544	-1.544
M	-0.002	-0.002	-0.002	1.096	0.691	-0.002	-0.002	-0.002
N	0.17	0.17	0.17	-0.523	0.17	1.086	-0.523	0.17
P	0.704	0.298	0.521	-1.088	-1.088	1.397	1.397	0.011
Q	-0.114	-0.807	-0.114	-0.114	-0.114	-0.807	-0.114	0.802
R	-0.974	-0.281	-0.974	0.124	-0.974	-0.974	-0.281	-0.974
S	0.245	0.427	0.022	0.022	-0.672	-1.365	-0.266	-0.672
T	-0.922	0.176	-0.922	0.869	0.176	0.176	-0.229	-0.922
V	-1.031	0.355	-1.031	-0.338	-0.338	-1.031	0.068	-0.338
W	0.56	0.56	0.56	0.56	0.56	0.56	0.56	0.56
Y	1.721	0.468	-0.225	1.161	-0.225	1.385	-0.225	1.161
