	1	2	3	4	5	6	7
A	-1.006	-1.006	0.093	-1.006	-0.313	-0.313	-1.006
C	0.108	0.108	0.108	0.108	0.108	0.108	0.801
D	1.951	0.079	-0.614	0.996	1.178	-0.614	-0.614
E	0.08	0.368	0.08	0.773	0.368	-0.326	-1.019
F	-0.353	-0.353	-0.353	0.34	-0.353	-0.353	0.34
G	-0.248	-0.941	-0.941	-0.941	-0.941	0.157	-0.248
H	-0.022	-0.022	0.671	-0.022	-0.022	-0.022	0.671
I	-0.526	-0.526	0.167	-0.526	-0.526	0.167	0.167
K	0.582	-0.804	-0.111	0.294	-0.804	-0.111	-0.111
L	-1.357	-0.664	-0.664	-0.664	0.029	-0.259	-1.357
M	0.184	0.184	0.184	0.184	0.184	0.184	0.184
N	0.357	0.357	-0.336	-0.336	1.455	0.357	0.357
P	-0.901	-0.901	0.708	-0.901	-0.901	-0.208	0.197
Q	-0.62	-0.62	-0.62	-0.62	-0.62	-0.62	0.478
R	-0.788	1.515	1.158	1.004	-0.788	-0.788	-0.788
S	-1.178	-0.485	-1.178	-1.178	-0.079	-0.079	-1.178
T	-0.736	-0.043	-0.043	-0.736	-0.736	-0.043	1.462
V	-0.844	-0.844	-0.844	-0.151	-0.844	-0.151	-0.844
W	0.746	0.746	0.746	0.746	0.746	2.132	0.746
Y	-0.038	1.06	-0.038	-0.038	-0.038	1.06	-0.038
