	1	2	3	4	5	6	7	8
A	-0.136	-1.234	-1.234	-0.541	-0.541	-0.541	-0.136	-0.541
C	-0.12	-0.12	-0.12	-0.12	-0.12	-0.12	-0.12	-0.12
D	1.556	1.556	0.257	-0.149	1.237	1.556	-0.842	-0.149
E	0.362	0.362	0.545	0.699	-0.148	-0.148	-1.247	0.545
F	0.112	0.517	0.805	-0.581	-0.581	0.112	-0.581	0.112
G	-1.17	-1.17	-0.477	-1.17	0.622	0.622	-1.17	1.028
H	0.442	-0.251	-0.251	-0.251	0.848	-0.251	0.442	0.442
I	-0.754	-0.754	-0.754	-0.754	-0.754	-0.754	-0.061	-0.061
K	-1.033	-1.033	0.066	-0.34	0.354	-1.033	0.066	-1.033
L	-0.892	-1.586	0.36	-0.487	-0.199	-0.892	0.979	-0.892
M	-0.044	0.649	-0.044	-0.044	-0.044	-0.044	-0.044	-0.044
N	-0.565	0.534	-0.565	-0.565	0.128	0.534	-0.565	0.534
P	-1.13	-0.437	-1.13	-1.13	-1.13	-0.437	-1.13	0.257
Q	-0.849	-0.849	-0.156	-0.156	-0.849	0.25	-0.849	-0.849
R	0.93	-1.016	0.083	1.757	-0.323	-0.323	0.083	-1.016
S	-0.308	0.385	-0.02	-0.713	0.203	-0.713	-0.02	-0.308
T	-0.964	-0.271	0.135	-0.964	-0.964	-0.271	0.645	-0.964
V	-1.073	-1.073	0.026	-1.073	-1.073	-0.379	0.026	-0.379
W	0.518	0.518	0.518	0.518	0.518	0.518	0.518	0.518
Y	0.832	1.12	-0.267	0.427	-0.267	-0.267	-0.267	0.832
