	1	2	3	4	5	6	7
A	-1.501	-0.115	-1.501	-0.808	-0.403	-1.501	-0.808
C	-0.387	0.711	-0.387	-0.387	0.711	0.306	0.306
D	1.088	0.97	-1.109	0.683	-1.109	0.683	0.683
E	0.095	0.884	-0.415	0.095	-0.415	-0.128	-0.415
F	-0.848	-0.155	-0.155	-0.848	-0.848	0.943	-0.848
G	-1.437	-0.744	-0.744	-1.437	0.355	-0.744	-1.437
H	-0.518	-0.518	0.175	-0.518	0.175	0.175	-0.518
I	-1.021	-0.328	-1.021	-1.021	-1.021	0.365	-1.021
K	0.31	-1.3	-0.201	-0.201	0.087	-0.607	0.087
L	-1.853	-1.853	-1.853	-0.466	-0.754	-1.853	-0.061
M	-0.311	-0.311	0.382	-0.311	-0.311	-0.311	-0.311
N	-0.139	-0.832	1.248	0.555	0.555	0.778	-0.832
P	1.494	0.395	-1.397	-1.397	1.242	-0.298	0.395
Q	-0.423	-1.116	-0.423	0.494	-1.116	-1.116	-1.116
R	-0.59	1.356	0.326	1.202	-0.184	1.02	0.103
S	0.272	-1.673	1.099	0.724	0.272	-0.98	0.966
T	-1.231	-0.538	-0.132	-0.538	-0.132	0.155	0.378
V	-1.34	-1.34	-0.646	-1.34	-0.646	-0.646	-0.646
W	0.251	0.251	0.944	0.251	0.251	0.944	0.251
Y	0.565	-0.534	1.258	-0.534	-0.534	0.853	0.16
