	1	2	3	4	5	6	7	8
A	-1.149	-0.456	-1.149	-0.456	-0.456	-0.456	-0.456	0.237
C	-0.035	-0.035	-0.035	-0.035	-0.035	-0.035	-0.035	-0.035
D	1.035	-0.757	-0.757	1.035	0.342	-0.757	0.629	-0.757
E	0.224	-0.469	0.448	0.448	0.784	-0.469	-1.162	0.448
F	-0.496	-0.496	-0.496	-0.496	-0.496	-0.496	-0.496	0.197
G	-1.085	-0.391	-1.085	-1.085	0.014	0.014	-1.085	0.707
H	1.221	0.528	-0.165	0.528	-0.165	0.528	-0.165	-0.165
I	0.717	0.43	0.43	-0.669	-0.669	0.024	-0.669	-0.669
K	-0.948	-0.254	-0.254	-0.948	-0.948	-0.948	-0.948	-0.948
L	-0.114	-0.807	-0.402	-0.402	-1.5	0.109	-1.5	-0.402
M	0.041	0.041	0.041	0.041	0.041	0.734	0.041	0.041
N	0.907	-0.48	-0.48	-0.48	0.214	0.907	0.619	-0.48
P	0.342	0.747	-0.351	0.901	-1.045	-0.351	1.9	-0.351
Q	-0.764	-0.764	-0.07	-0.764	-0.764	-0.764	-0.764	0.335
R	-0.931	-0.238	1.266	-0.931	1.015	-0.931	-0.931	-0.238
S	-0.628	0.288	0.065	-0.223	0.065	-0.223	-1.321	0.065
T	-0.186	0.507	0.22	0.22	-0.186	0.731	-0.879	0.507
V	-0.987	-0.987	-0.987	0.111	-0.987	0.622	-0.294	-0.987
W	0.603	0.603	0.603	0.603	0.603	0.603	0.603	0.603
Y	-0.181	1.428	0.512	-0.181	1.205	-0.181	-0.181	-0.181
