	1	2	3	4	5	6	7
A	-1.006	0.38	-0.313	-1.006	-1.006	-1.006	0.786
C	0.108	0.108	0.108	0.108	0.108	0.108	0.108
D	-0.614	0.772	-0.614	-0.614	1.583	-0.614	1.178
E	1.179	0.368	-0.326	0.368	-1.019	0.773	-1.019
F	-0.353	-0.353	-0.353	-0.353	-0.353	1.033	-0.353
G	-0.941	-0.941	0.668	-0.941	-0.941	-0.941	-0.248
H	-0.022	-0.022	0.671	-0.022	0.671	0.671	-0.022
I	-0.526	-0.526	0.167	-0.526	-0.526	1.084	-0.526
K	-0.804	-0.804	0.294	-0.804	-0.804	-0.804	-0.111
L	-1.357	-1.357	-0.664	-1.357	-1.357	-0.259	-1.357
M	0.877	0.184	0.184	0.184	0.184	0.184	0.184
N	-0.336	0.357	-0.336	0.357	-0.336	-0.336	-0.336
P	-0.901	-0.901	0.197	-0.208	1.296	-0.901	0.197
Q	0.478	-0.62	-0.62	-0.62	0.073	0.073	-0.62
R	0.311	0.599	0.822	1.292	-0.788	-0.788	-0.788
S	-0.079	0.431	-1.178	-0.485	-1.178	-1.178	-1.178
T	0.651	-0.043	0.363	1.056	-0.736	-0.736	-0.043
V	-0.151	-0.151	-0.844	-0.844	-0.151	0.542	-0.151
W	0.746	0.746	0.746	0.746	0.746	0.746	0.746
Y	-0.038	-0.038	-0.038	0.655	-0.038	-0.038	1.348
