	1	2	3	4	5	6	7
A	-0.251	-1.35	-1.35	0.036	-1.35	-1.35	-0.251
C	-0.236	-0.236	-0.236	-0.236	-0.236	-0.236	-0.236
D	0.429	1.24	0.834	1.345	-0.264	-0.958	0.141
E	0.94	1.277	0.024	0.247	0.247	-0.264	0.024
F	-0.697	-0.004	-0.004	-0.697	0.689	-0.697	-0.004
G	-1.285	-0.592	-1.285	-0.187	-1.285	-0.592	-1.285
H	-0.366	-0.366	-0.366	-0.366	-0.366	-0.366	0.327
I	-0.87	-0.87	-0.176	-0.87	1.21	-0.87	-0.176
K	-1.148	0.238	-0.05	-1.148	-0.05	-1.148	-0.455
L	-1.701	-0.602	-0.315	-0.315	-0.602	-1.701	-1.008
M	-0.159	0.534	0.534	-0.159	-0.159	-0.159	-0.159
N	-0.68	-0.68	0.013	0.929	0.013	1.399	1.399
P	1.153	-1.245	-1.245	-0.147	-1.245	1.527	-1.245
Q	-0.964	-0.964	0.134	-0.964	0.645	-0.964	-0.271
R	1.171	-0.033	-0.438	0.478	-0.033	-0.033	0.478
S	-1.522	-1.522	0.675	-0.136	-0.136	-0.136	-0.136
T	0.019	-0.386	0.53	-0.386	-0.386	-1.079	0.019
V	-1.188	-0.089	-0.495	-1.188	-1.188	-1.188	-0.495
W	0.402	0.402	0.402	0.402	0.402	0.402	0.402
Y	-0.382	0.311	0.717	-0.382	1.41	1.41	1.41
