	1	2	3	4	5	6	7	8
A	0.007	-1.092	-0.687	-0.399	-1.092	-0.687	-1.785	-1.785
C	-0.671	-0.671	0.428	-0.671	-0.671	-0.671	0.022	-0.671
D	0.399	-0.007	1.698	-1.393	1.005	0.804	-0.7	-0.7
E	0.505	1.293	-1.105	0.282	1.093	0.505	0.148	-1.105
F	-1.132	-1.132	-0.439	-1.132	-1.132	-1.132	0.477	-0.439
G	-1.027	-1.027	-0.622	0.359	-1.027	0.844	-1.721	0.582
H	-0.801	-0.801	-0.801	-0.108	-0.801	-0.801	-0.801	-0.801
I	-0.612	-1.305	0.081	-1.305	-1.305	-0.612	-0.206	-0.612
K	0.814	-0.89	-0.197	-0.485	-0.485	-0.89	-0.89	0.026
L	-1.038	-1.038	0.348	-0.191	-0.75	-1.038	-0.057	-1.038
M	-0.595	-0.595	-0.595	-0.595	-0.595	-0.595	0.098	0.098
N	-0.422	-1.116	1.082	0.271	0.271	0.494	0.676	-0.422
P	0.717	-0.294	-0.987	0.265	-0.582	-0.987	1.028	-0.294
Q	0.392	0.68	-1.4	0.798	-1.4	-0.706	-0.301	-1.4
R	0.918	1.324	-0.468	-0.468	0.225	0.379	-1.567	0.63
S	-0.859	-0.348	-0.859	0.608	0.876	0.876	0.122	0.815
T	-0.416	-0.416	-0.822	-0.129	-0.129	-0.822	0.431	0.883
V	-1.623	-0.93	-0.014	-0.525	-0.93	-0.93	-1.623	-0.237
W	-0.033	-0.033	-0.033	-0.033	-0.033	-0.033	-0.033	-0.033
Y	-0.124	0.281	-0.124	0.569	-0.124	-0.817	1.38	0.974
