	1	2	3	4	5	6	7
A	-0.09	-0.601	-0.601	-0.601	-0.313	-0.601	0.603
C	-0.585	-0.585	-0.585	-0.585	-0.585	-0.585	0.801
D	0.639	0.996	0.302	-0.614	-0.614	0.079	-1.307
E	-1.019	-0.326	1.179	-0.613	0.686	0.485	0.591
F	0.052	0.34	-1.046	-1.046	-1.046	-0.353	-1.046
G	0.445	-0.941	-1.635	-0.941	-0.536	-1.635	-0.941
H	-0.716	-0.022	-0.716	-0.716	-0.716	-0.716	-0.716
I	-1.219	-1.219	0.167	-1.219	0.167	-0.12	-1.219
K	-1.498	1.141	-1.498	0.294	-0.111	0.7	-0.804
L	-0.952	-0.664	-0.664	-1.357	-0.105	0.514	-0.441
M	-0.509	-0.509	-0.509	-0.509	-0.509	-0.509	0.877
N	-1.03	-0.336	0.069	2.106	0.069	1.273	0.916
P	1.45	0.015	-1.595	0.803	-0.208	-1.595	0.708
Q	0.296	0.296	0.073	-1.314	-0.62	-0.215	-1.314
R	0.311	0.822	1.227	0.716	1.41	-0.095	-0.788
S	-0.485	-1.871	0.431	-0.773	-0.079	-1.178	-0.262
T	-1.429	-1.429	-1.429	0.181	-0.736	0.517	0.517
V	-0.439	-1.537	-0.844	-1.537	-0.844	-0.844	-0.844
W	1.152	0.053	0.053	0.053	0.053	0.053	0.053
Y	-0.731	1.06	-0.731	-0.731	-0.731	-0.731	-0.038
