	1	2	3	4	5	6	7
A	-0.706	-0.993	-0.839	-1.686	-0.993	-1.399	-1.399
C	0.409	-1.671	-1.671	-1.671	-1.671	-1.671	-0.978
D	0.005	2.395	0.005	-0.601	-0.195	1.271	0.092
E	1.173	-0.233	0.421	0.461	-0.025	0.247	-0.313
F	-2.132	-1.033	-2.132	-0.053	-0.186	-0.053	-0.186
G	-1.622	-2.027	-1.111	1.305	-0.235	0.224	0.275
H	-1.108	-0.703	-0.703	-1.801	-0.192	0.396	-1.801
I	-0.695	-1.611	-1.206	-1.206	-0.107	-0.359	-0.695
K	-0.504	-1.197	-0.098	-0.974	-0.637	-1.485	-1.89
L	0.553	-0.738	-1.057	-0.571	-0.497	-1.75	-0.738
M	0.803	-1.595	-1.595	-1.595	0.015	-1.595	-0.496
N	-0.729	0.283	0.082	0.37	0.283	0.524	0.775
P	0.616	-1.582	0.264	1.009	-0.601	-1.071	0.21
Q	-1.013	-1.301	-0.79	-0.79	-1.013	-0.608	-1.013
R	-0.487	-0.369	0.072	-0.369	0.524	-0.775	-0.487
S	-0.124	0.179	1.52	0.088	0.375	1.186	1.333
T	0.05	-0.905	-0.03	-0.317	0.576	0.124	0.53
V	-0.831	-1.525	-1.014	-1.93	-0.225	-2.623	-2.623
W	-1.033	-1.033	-1.033	0.354	-0.34	-1.033	-0.34
Y	-1.817	0.129	-1.817	-0.025	1.649	-0.208	0.129
