	1	2	3	4	5	6	7	8
A	-0.638	-0.638	-1.332	-1.332	-1.332	-1.332	-0.638	-0.233
C	-0.217	-0.217	0.476	-0.217	0.476	1.169	-0.217	-0.217
D	-0.246	0.67	1.626	-0.939	-0.939	0.159	-0.939	0.447
E	-0.651	-0.246	-0.651	-0.246	0.448	-1.344	-0.246	0.042
F	0.015	0.015	-0.679	-0.679	-0.679	0.015	1.401	0.015
G	-1.267	-1.267	-1.267	0.119	0.343	-1.267	-1.267	-0.574
H	0.751	1.038	-0.348	-0.348	0.345	0.345	-0.348	-0.348
I	-0.158	-0.158	-0.158	-0.851	0.247	0.247	-0.851	-0.158
K	-0.437	-0.437	-0.437	-0.437	-1.13	-1.13	-1.13	0.256
L	-1.683	-0.99	-0.296	0.109	-0.584	-1.683	-0.296	-0.584
M	-0.141	-0.141	-0.141	-0.141	-0.141	-0.141	-0.141	-0.141
N	0.031	0.948	0.437	-0.662	0.031	-0.662	-0.662	0.437
P	1.258	-1.227	-1.227	0.565	0.383	1.606	-0.128	0.853
Q	-0.253	0.153	-0.946	-0.946	-0.946	0.153	-0.253	-0.253
R	-0.42	0.833	1.084	1.372	-0.015	-1.113	-0.015	-0.42
S	-0.117	0.576	0.106	-0.117	0.576	-1.504	1.061	-0.117
T	0.037	-0.368	-0.368	-0.368	0.731	0.731	0.325	-0.368
V	-1.17	-1.17	-1.17	-0.477	-1.17	-0.071	-0.477	0.217
W	1.519	0.421	0.421	0.421	0.421	0.421	0.421	0.421
Y	1.428	-0.364	-0.364	0.735	-0.364	-0.364	-0.364	-0.364
